1 0 0 0 1 0 0 0 1 0 0 0 
0.999993 -0.00154046 0.00340886 0.00153574 0.999998 0.00138569 -0.00341099 -0.00138044 0.999993 -0.0201837 -0.00540357 0.671148 
0.999973 -0.000885891 0.00732857 0.000866815 0.999996 0.00260568 -0.00733085 -0.00259926 0.99997 -0.0249302 -0.0101024 1.35076 
0.999943 0.000124694 0.0106781 -0.000143596 0.999998 0.00176947 -0.0106779 -0.00177091 0.999941 -0.0435786 -0.0326121 2.08825 
0.999886 0.00200335 0.0149601 -0.00202695 0.999997 0.00156285 -0.0149569 -0.001593 0.999887 -0.0569889 -0.0376598 2.83908 
0.999746 -0.000261306 0.0225323 0.0001955 0.999996 0.00292264 -0.022533 -0.0029175 0.999742 -0.0230381 -0.0453243 3.58511 
0.999643 -0.00284281 0.0265827 0.00275419 0.999991 0.0033699 -0.026592 -0.00329548 0.999641 -0.0720098 -0.0511868 4.32319 
0.999091 -0.0149828 0.0399201 0.0144591 0.999806 0.0133751 -0.0401128 -0.0127857 0.999113 -0.0290537 0.0724255 5.11733 
0.998903 -0.0148466 0.044403 0.014364 0.999834 0.0111695 -0.0445615 -0.0105195 0.998951 -0.0823271 0.063195 5.94187 
0.998749 -0.0140591 0.0479948 0.0136678 0.999871 0.00847102 -0.0481077 -0.00780444 0.998812 -0.122511 0.0504054 6.7568 
0.998288 -0.0151534 0.0564957 0.0147098 0.999858 0.00825877 -0.0566128 -0.00741359 0.998369 -0.0876861 0.0232982 7.5796 
0.998108 -0.0149155 0.0596419 0.0144665 0.999864 0.00795334 -0.0597524 -0.00707548 0.998188 -0.12528 0.00489461 8.34853 
0.998088 -0.0110768 0.0608083 0.0106139 0.999912 0.00792985 -0.0608908 -0.00726928 0.998118 -0.184962 -0.00447174 9.17889 
0.997961 -0.0123812 0.0626102 0.011892 0.999896 0.0081801 -0.0627049 -0.00741886 0.998005 -0.253337 -0.00848013 10.0107 
0.997765 -0.0120413 0.0657323 0.0113618 0.999878 0.0107017 -0.0658532 -0.0099309 0.99778 -0.266328 0.00849344 10.9479 
0.997589 -0.0143736 0.0678886 0.0134974 0.99982 0.0133473 -0.0680683 -0.0123988 0.997604 -0.328613 -0.00570264 11.8103 
0.998264 -0.0136887 0.0572929 0.0128351 0.999801 0.0152407 -0.0574902 -0.0144789 0.998241 -0.612125 -0.0203962 12.4848 
0.998342 -0.0172472 0.054925 0.0164442 0.999752 0.0150378 -0.0551707 -0.0141097 0.998377 -0.748837 -0.0657486 13.2622 
0.998341 -0.0176803 0.0547883 0.016953 0.999762 0.0137121 -0.0550178 -0.0127606 0.998404 -0.836438 -0.0957143 14.1218 
0.998265 -0.0164221 0.0565512 0.0157764 0.999805 0.0118451 -0.0567347 -0.0109323 0.998329 -0.887868 -0.115425 15.0182 
0.998307 -0.0194472 0.0548159 0.0189181 0.999769 0.0101546 -0.0550008 -0.00910039 0.998445 -0.941979 -0.159834 15.7956 
0.998303 -0.0196817 0.0548022 0.0191251 0.99976 0.0106639 -0.054999 -0.00959768 0.99844 -1.00732 -0.172775 16.6952 
0.998002 -0.0189337 0.0602838 0.0182993 0.999771 0.0110586 -0.0604794 -0.00993333 0.99812 -1.00767 -0.19568 17.6133 
0.998013 -0.0154517 0.0610845 0.0148124 0.999831 0.0109058 -0.0612427 -0.00997937 0.998073 -1.02711 -0.205624 18.4891 
0.997265 -0.0214959 0.0707071 0.0210309 0.999752 0.00731438 -0.0708468 -0.00580734 0.99747 -0.856628 -0.307342 19.1545 
0.997192 -0.0248173 0.0706585 0.0245331 0.999687 0.00488689 -0.0707576 -0.00313969 0.997489 -0.935334 -0.322848 20.0871 
0.997217 -0.0286396 0.0688276 0.028504 0.999589 0.00295099 -0.0688839 -0.000980913 0.997624 -1.00896 -0.337778 20.9823 
0.997346 -0.0284489 0.0670199 0.0285118 0.999593 1.76222e-05 -0.0669931 0.00189328 0.997752 -1.0644 -0.356889 21.8938 
0.997165 -0.029306 0.069308 0.0294809 0.999564 -0.00150209 -0.0692338 0.0035411 0.997594 -1.0141 -0.392413 22.7655 
0.997274 -0.0307597 0.0670642 0.0307517 0.999526 0.00115155 -0.0670678 0.000913925 0.997748 -1.06627 -0.417287 23.6484 
0.997132 -0.0335485 0.0678449 0.0331867 0.999428 0.00645338 -0.0680226 -0.00418332 0.997675 -1.11963 -0.43157 24.583 
0.997282 -0.0322488 0.0662479 0.0316999 0.999454 0.00932122 -0.0665123 -0.00719584 0.99776 -1.18961 -0.436464 25.5252 
0.997477 -0.0307312 0.0639884 0.0302872 0.99951 0.00789889 -0.0641998 -0.00594093 0.997919 -1.2852 -0.46133 26.434 
0.997543 -0.028936 0.063805 0.0288176 0.999581 0.00277534 -0.0638585 -0.000929809 0.997959 -1.35223 -0.473741 27.4026 
0.997577 -0.0275253 0.0638983 0.0276038 0.999619 -0.000344867 -0.0638645 0.00210787 0.997956 -1.39481 -0.503533 28.3356 
0.997555 -0.0292164 0.0634819 0.0289669 0.999569 0.00484786 -0.0635961 -0.00299713 0.997971 -1.77408 -0.473456 29.7333 
0.997387 -0.0297008 0.0658606 0.0291701 0.999534 0.00900648 -0.0660974 -0.00706179 0.997788 -1.79605 -0.503677 30.6567 
0.997288 -0.0311045 0.0667009 0.0302821 0.999453 0.0133054 -0.0670782 -0.0112495 0.997684 -1.86889 -0.523539 31.6329 
0.997073 -0.0335152 0.0687239 0.032613 0.999367 0.0142088 -0.0691567 -0.0119259 0.997535 -1.93321 -0.54629 32.5944 
0.996948 -0.03496 0.0698095 0.0341444 0.999334 0.0128419 -0.070212 -0.0104191 0.997478 -1.97989 -0.583082 33.5368 
0.996711 -0.0380945 0.0715231 0.0374375 0.999244 0.0105052 -0.0718692 -0.007793 0.997384 -2.05843 -0.598351 34.5412 
0.996825 -0.0362358 0.070896 0.0359835 0.999341 0.0048334 -0.0710244 -0.00226698 0.997472 -1.98112 -0.702774 35.0812 
0.995782 -0.0431678 0.080958 0.0429055 0.999067 0.00497834 -0.0810973 -0.00148381 0.996705 -1.89214 -0.721085 35.9885 
0.995805 -0.0468278 0.0786061 0.0467009 0.998903 0.00345318 -0.0786815 0.000232276 0.9969 -1.98077 -0.741978 36.9561 
0.99493 -0.0567778 0.0830093 0.0567594 0.998385 0.00258287 -0.0830219 0.00214178 0.996545 -1.8933 -0.784868 37.8927 
0.994884 -0.0565748 0.0836951 0.056488 0.998397 0.00340631 -0.0837537 0.00133889 0.996486 -1.97678 -0.792165 38.9022 
0.994884 -0.0571835 0.0832769 0.0569362 0.998364 0.00534395 -0.0834462 -0.000575143 0.996512 -2.07421 -0.803422 39.9033 
0.994686 -0.0603319 0.083421 0.0598951 0.998175 0.00773121 -0.0837351 -0.00269361 0.996484 -2.13982 -0.823641 40.8644 
0.994639 -0.0608186 0.0836317 0.0603164 0.998143 0.00852075 -0.0839946 -0.0034307 0.99646 -2.23726 -0.83036 41.8473 
0.99473 -0.0587657 0.0840213 0.058381 0.99827 0.00703105 -0.0842891 -0.00208875 0.996439 -2.33575 -0.84466 42.8184 
0.99459 -0.062574 0.0829169 0.0622378 0.998039 0.00663573 -0.0831696 -0.00143926 0.996534 -2.43027 -0.876704 43.69 
0.994478 -0.0665362 0.0811563 0.0658195 0.997766 0.0114778 -0.0817386 -0.00607271 0.996635 -2.5896 -0.881433 44.7057 
0.994451 -0.0674822 0.0807001 0.0664202 0.997667 0.0157758 -0.0815765 -0.0103282 0.996614 -2.69994 -0.895306 45.6479 
0.99429 -0.068913 0.0814703 0.0677361 0.997556 0.0171257 -0.0824514 -0.0115095 0.996529 -2.78079 -0.91774 46.607 
0.994759 -0.0680417 0.0763211 0.0671191 0.997638 0.0145918 -0.0771337 -0.00939274 0.996977 -2.95851 -0.922003 47.5991 
0.99479 -0.069116 0.0749425 0.0684779 0.997591 0.0110542 -0.075526 -0.00586474 0.997127 -2.96485 -0.982453 48.3747 
0.994888 -0.0672031 0.075376 0.0666286 0.997727 0.0101142 -0.0758843 -0.00504031 0.997104 -3.03182 -1.00483 49.3183 
0.994769 -0.0680845 0.0761474 0.0673942 0.997659 0.0116021 -0.076759 -0.00640949 0.997029 -3.06175 -1.05252 50.2169 
0.994868 -0.066236 0.0764932 0.0654559 0.997775 0.0126643 -0.0771619 -0.0075924 0.99699 -3.12568 -1.08028 51.1455 
0.994827 -0.065673 0.0774949 0.064944 0.997818 0.0118929 -0.0781069 -0.0067986 0.996922 -3.20419 -1.09828 52.0895 
0.994915 -0.063495 0.0781816 0.063097 0.997979 0.0075526 -0.0785031 -0.00258117 0.996911 -3.27976 -1.12488 53.0182 
0.994956 -0.0614682 0.0792715 0.0614498 0.998107 0.00267315 -0.0792857 0.00221156 0.996849 -3.36941 -1.1268 54.0027 
0.994826 -0.0636013 0.0792232 0.0637513 0.997966 0.000636768 -0.0791026 0.00441712 0.996857 -3.45462 -1.1426 54.9395 
0.994822 -0.0670734 0.0763603 0.0668002 0.997748 0.00613027 -0.0765995 -0.000997643 0.997061 -3.58644 -1.14627 55.8403 
0.994756 -0.0705569 0.0740436 0.0697338 0.997472 0.013646 -0.0748192 -0.00841107 0.997162 -3.72079 -1.17625 56.6565 
0.994529 -0.0726889 0.0750263 0.071493 0.997269 0.0185081 -0.0761667 -0.013043 0.99701 -3.79447 -1.19791 57.573 
0.994043 -0.0771707 0.0769681 0.0760376 0.996951 0.0175495 -0.0780877 -0.0115925 0.996879 -3.82625 -1.22784 58.4353 
0.993658 -0.0813951 0.0775792 0.0804903 0.996647 0.0147247 -0.0785176 -0.00838691 0.996877 -3.8296 -1.28093 59.1275 
0.993367 -0.0788846 0.0836599 0.0782695 0.996876 0.0106117 -0.0842356 -0.00399334 0.996438 -3.81058 -1.31708 59.9637 
0.993068 -0.0796157 0.0864707 0.0790451 0.996821 0.0100083 -0.0869926 -0.00310385 0.996204 -3.83925 -1.35284 60.7664 
0.992718 -0.0831683 0.0871456 0.0826719 0.996533 0.00929524 -0.0876166 -0.00202305 0.996152 -3.90042 -1.38781 61.4803 
0.992569 -0.0838179 0.0882145 0.0833878 0.99648 0.00855567 -0.0886211 -0.00113608 0.996065 -3.97959 -1.40744 62.3028 
0.992421 -0.0839432 0.0897441 0.0835743 0.99647 0.00786774 -0.0900878 -0.000307815 0.995934 -4.04451 -1.42963 63.1037 
0.992423 -0.0839126 0.0897539 0.0835781 0.996473 0.00748518 -0.0900654 7.29988e-05 0.995936 -4.17968 -1.42435 63.9595 
0.992014 -0.0865831 0.0917146 0.0865283 0.996239 0.00458153 -0.0917664 0.00339096 0.995775 -4.22583 -1.44794 64.7096 
0.991813 -0.0872204 0.0932763 0.0875246 0.996162 0.000832358 -0.0929909 0.00733843 0.99564 -4.316 -1.45167 65.515 
0.991438 -0.0899116 0.094692 0.090353 0.99591 -0.00037584 -0.0942709 0.00892833 0.995507 -4.40198 -1.45368 66.2965 
0.991065 -0.0928139 0.0957924 0.0928351 0.995672 0.0042457 -0.0957719 0.00468513 0.995392 -4.49526 -1.45561 67.0655 
0.990908 -0.0934052 0.0968367 0.092711 0.995625 0.0116534 -0.0975015 -0.00256961 0.995232 -4.57791 -1.46514 67.7968 
0.989511 -0.0943276 0.10941 0.0931757 0.995527 0.0156042 -0.110393 -0.00524614 0.993874 -4.43512 -1.5365 68.3875 
0.988411 -0.0944519 0.118838 0.0933603 0.995523 0.0147318 -0.119698 -0.00346627 0.992804 -4.32928 -1.59744 68.9918 
0.988048 -0.0968826 0.119899 0.0962196 0.995296 0.0113203 -0.120431 0.000351588 0.992722 -4.41476 -1.61311 69.6641 
0.987433 -0.097711 0.124213 0.0973676 0.995209 0.00884734 -0.124482 0.00335817 0.992216 -4.46172 -1.63983 70.311 
0.987353 -0.0948201 0.127056 0.0941671 0.995494 0.0111504 -0.12754 0.000955039 0.991833 -4.5108 -1.6639 70.9268 
0.987869 -0.0874092 0.128351 0.0861361 0.996164 0.0154468 -0.129209 -0.00420379 0.991608 -4.55606 -1.67547 71.5576 
0.988314 -0.0838563 0.127294 0.0819909 0.996436 0.0198333 -0.128504 -0.00916452 0.991667 -4.62734 -1.68559 72.1409 
0.988699 -0.0859866 0.122801 0.0841134 0.996248 0.0203667 -0.124092 -0.00980729 0.992222 -4.75492 -1.69084 72.7035 
0.988719 -0.0909332 0.119021 0.0893326 0.995826 0.0187256 -0.120227 -0.00788182 0.992715 -4.83152 -1.6906 73.267 
0.989431 -0.0892338 0.114297 0.0880068 0.995995 0.0157463 -0.115244 -0.00552102 0.993322 -4.89322 -1.69639 73.8474 
0.989933 -0.0848157 0.113308 0.0842301 0.996397 0.00995455 -0.113744 -0.000310424 0.99351 -4.88387 -1.72476 74.2209 
0.990919 -0.0802255 0.107909 0.0801794 0.996769 0.0047724 -0.107943 0.00392301 0.994149 -4.89184 -1.7636 74.6352 
0.991528 -0.0836408 0.0993812 0.0835809 0.99649 0.00477357 -0.0994315 0.00357323 0.995038 -4.90955 -1.78112 75.1504 
0.992465 -0.0887962 0.0844286 0.0886487 0.996048 0.00550146 -0.0845834 0.00202448 0.996414 -4.95147 -1.78986 75.6592 
0.993237 -0.0939567 0.068206 0.0938201 0.995576 0.00521031 -0.0683938 0.00122402 0.997658 -4.95282 -1.80065 76.1393 
0.994612 -0.0924728 0.0468543 0.0923582 0.995715 0.00460949 -0.0470798 -0.000257281 0.998891 -4.95498 -1.8047 76.6235 
0.995709 -0.0899945 0.0215639 0.0899394 0.995941 0.00351224 -0.0217924 -0.00155773 0.999761 -4.93918 -1.81336 77.0823 
0.996002 -0.0889513 -0.00817595 0.0889693 0.996033 0.00186954 0.00797721 -0.00258947 0.999965 -4.91976 -1.82212 77.542 
0.995152 -0.0883522 -0.04321 0.0883979 0.996085 -0.000854654 0.0431164 -0.00296917 0.999066 -4.9117 -1.84571 78.0057 
0.992882 -0.0888131 -0.0793609 0.0889581 0.996034 -0.00171438 0.0791984 -0.00535761 0.996844 -4.831 -1.85552 78.4474 
0.988496 -0.0885081 -0.122646 0.0888783 0.996039 -0.00246033 0.122378 -0.00846851 0.992447 -4.76529 -1.87244 78.8724 
0.982572 -0.0875957 -0.163948 0.0882084 0.996096 -0.00355331 0.16362 -0.0109702 0.986463 -4.60856 -1.9015 79.2863 
0.97361 -0.0900801 -0.209687 0.0915824 0.995794 -0.00255457 0.209035 -0.0167165 0.977765 -4.46784 -1.92412 79.6546 
0.960409 -0.0892238 -0.263921 0.0923135 0.99573 -0.000697354 0.262856 -0.0236937 0.964544 -4.34356 -1.94689 80.0346 
0.942899 -0.0881168 -0.321212 0.0933369 0.995634 0.000856515 0.319734 -0.0307886 0.947007 -4.19471 -1.9611 80.4101 
0.920374 -0.0860667 -0.38145 0.0938055 0.995589 0.00170177 0.379621 -0.0373484 0.924388 -4.03433 -1.98406 80.7853 
0.893676 -0.0833352 -0.440906 0.094442 0.995525 0.003262 0.438661 -0.0445552 0.897547 -3.83786 -2.00012 81.1227 
0.862302 -0.0775245 -0.500425 0.0929321 0.995655 0.00589066 0.497794 -0.0515851 0.86576 -3.61695 -2.02344 81.4481 
0.827454 -0.0734342 -0.556712 0.0926331 0.99568 0.00634547 0.553841 -0.0568205 0.830681 -3.37432 -2.05772 81.7452 
0.789107 -0.069202 -0.610345 0.0914289 0.995797 0.00530193 0.607414 -0.059987 0.792118 -3.11448 -2.08991 82.0354 
0.748395 -0.0667758 -0.659883 0.091228 0.995826 0.00269362 0.656949 -0.0622157 0.751364 -2.83507 -2.11646 82.2905 
0.701962 -0.0574972 -0.70989 0.0890686 0.995998 0.00740347 0.706623 -0.0684259 0.704274 -2.63154 -2.11296 82.6071 
0.657027 -0.0520177 -0.75207 0.0877601 0.996111 0.00777229 0.748741 -0.0711084 0.659037 -2.3321 -2.16369 82.8038 
0.611715 -0.0423218 -0.789946 0.0852369 0.996281 0.0126291 0.786473 -0.0750579 0.613047 -2.00553 -2.19558 83.0039 
0.566235 -0.0401282 -0.823267 0.0874581 0.996101 0.0116002 0.819591 -0.0785698 0.567536 -1.69098 -2.23005 83.1739 
0.517427 -0.0462187 -0.854478 0.0912593 0.995826 0.00139763 0.850847 -0.0787022 0.519486 -1.34057 -2.31196 83.4278 
0.472689 -0.0439406 -0.880133 0.0934692 0.995622 0.000492622 0.876258 -0.0824982 0.474726 -1.02379 -2.35202 83.5575 
0.431611 -0.0340789 -0.901416 0.0907646 0.995855 0.00581011 0.897482 -0.0843244 0.432915 -0.68603 -2.39244 83.6666 
0.393196 -0.0162011 -0.919312 0.0826584 0.996419 0.0177936 0.915732 -0.0829852 0.393127 -0.327563 -2.43091 83.7725 
0.362444 -0.0101797 -0.93195 0.0775143 0.996805 0.019258 0.928776 -0.0792194 0.362076 -0.0497794 -2.48015 83.7713 
0.329977 -0.00898404 -0.943946 0.0809705 0.996539 0.0188204 0.94051 -0.0826421 0.329562 0.292544 -2.51263 83.8767 
0.298008 -0.0180516 -0.954393 0.0888867 0.996002 0.00891612 0.950416 -0.0874899 0.298421 0.652327 -2.55916 83.9981 
0.268935 -0.0210923 -0.962927 0.0936546 0.995595 0.00434892 0.958594 -0.0913522 0.269726 1.03225 -2.60589 84.1025 
0.243838 -0.0181901 -0.969645 0.0952637 0.995438 0.00528214 0.965126 -0.09366 0.244459 1.4221 -2.65381 84.1815 
0.22274 -0.0114979 -0.97481 0.0965778 0.995272 0.0103284 0.970082 -0.0964456 0.222797 1.81658 -2.70463 84.2514 
0.201772 -0.00443096 -0.979422 0.101916 0.994656 0.0164961 0.974115 -0.103148 0.201146 2.17644 -2.74391 84.2975 
0.183348 0.000247577 -0.983048 0.105589 0.99421 0.0199437 0.977361 -0.107455 0.18226 2.35232 -2.74861 84.2556 
0.16452 -0.00105024 -0.986373 0.106734 0.994147 0.016744 0.980582 -0.108035 0.163669 2.79466 -2.79533 84.3502 
0.149864 -0.0042386 -0.988698 0.102852 0.994632 0.011326 0.983342 -0.103387 0.149495 3.29023 -2.86347 84.4197 
0.134819 -0.00260657 -0.990867 0.0994656 0.994981 0.0109161 0.985865 -0.100029 0.134402 3.75371 -2.91884 84.4856 
0.125105 0.000701283 -0.992143 0.0976589 0.995135 0.0130178 0.987325 -0.0985202 0.124428 4.19458 -2.95522 84.4845 
0.113103 0.00617192 -0.993564 0.0975573 0.99508 0.0172868 0.988782 -0.0988846 0.111944 4.63757 -2.98863 84.5201 
0.104565 0.00840397 -0.994483 0.0999583 0.994812 0.0189169 0.989482 -0.101385 0.103182 5.12399 -3.02991 84.5456 
0.0937589 0.00971901 -0.995547 0.101499 0.994649 0.0192692 0.990408 -0.102853 0.0922707 5.6269 -3.08143 84.6254 
0.0862887 0.00989433 -0.996221 0.102794 0.994525 0.0187811 0.990953 -0.104026 0.0847992 6.12094 -3.13401 84.6795 
0.0823352 0.0126351 -0.996525 0.103295 0.994426 0.0211429 0.991237 -0.104676 0.0805712 6.65986 -3.19493 84.7063 
0.075844 0.0125695 -0.99704 0.104149 0.994351 0.0204581 0.991666 -0.105392 0.0741065 7.23723 -3.25885 84.7555 
0.0670622 0.0125061 -0.99767 0.105261 0.994253 0.0195388 0.992181 -0.106326 0.0653604 7.77095 -3.31943 84.8573 
0.0679282 0.0176097 -0.997535 0.102552 0.994425 0.0245382 0.992406 -0.103966 0.0657436 8.25184 -3.40004 84.8922 
0.0639656 0.0179682 -0.99779 0.102533 0.994428 0.0244808 0.992671 -0.103873 0.0617668 8.88132 -3.46613 84.944 
0.0629219 0.0189999 -0.997838 0.102043 0.994456 0.0253702 0.992788 -0.103419 0.0606343 9.46573 -3.53464 84.9593 
0.061611 0.0245631 -0.997798 0.101243 0.994387 0.0307306 0.992952 -0.102913 0.0587784 10.1238 -3.60681 85.0012 
0.0629188 0.0284711 -0.997612 0.0998183 0.994401 0.034675 0.993014 -0.101762 0.0597246 10.7322 -3.69065 85.0453 
0.0651538 0.0297201 -0.997433 0.100052 0.994325 0.0361631 0.992847 -0.102151 0.0618105 11.4345 -3.76255 85.0946 
0.0694107 0.032303 -0.997065 0.0995407 0.994263 0.0391417 0.99261 -0.101965 0.0657971 12.1448 -3.84165 85.1396 
0.0739727 0.0324588 -0.996732 0.0989744 0.994297 0.039725 0.992337 -0.10159 0.0703382 12.8608 -3.92031 85.1926 
0.0779769 0.0348916 -0.996344 0.096851 0.994395 0.0424032 0.99224 -0.0998035 0.0741605 13.6073 -4.00031 85.2439 
0.082098 0.0346234 -0.996023 0.0955324 0.994521 0.0424455 0.992035 -0.0986371 0.0783405 14.3806 -4.07711 85.3104 
0.0862238 0.031359 -0.995782 0.0935973 0.994829 0.0394335 0.991869 -0.0966026 0.0828429 15.1441 -4.15554 85.3774 
0.0900726 0.030011 -0.995483 0.0928116 0.994943 0.0383924 0.991601 -0.0958504 0.0868318 15.9389 -4.2343 85.4527 
0.0934026 0.0274753 -0.995249 0.0930322 0.995005 0.0361995 0.991272 -0.0959713 0.0903799 16.6789 -4.3234 85.5336 
0.0973049 0.0241914 -0.994961 0.0965222 0.994763 0.0336263 0.990563 -0.0993078 0.0944602 17.4422 -4.42069 85.5862 
0.0960842 0.0124493 -0.995295 0.100151 0.994727 0.0221105 0.990322 -0.101804 0.0943307 17.9014 -4.54688 85.5755 
0.0945043 0.012051 -0.995452 0.104774 0.994253 0.0219833 0.989996 -0.106375 0.0926986 18.8154 -4.60958 85.7629 
0.0929045 0.0110198 -0.995614 0.104163 0.994344 0.0207256 0.990212 -0.105631 0.0912312 19.5933 -4.6942 85.8849 
0.0928297 0.00784012 -0.995651 0.102203 0.994612 0.0173608 0.990423 -0.10337 0.0915283 20.3935 -4.7955 85.9612 
0.0922566 0.00827287 -0.995701 0.101112 0.994719 0.0176332 0.990588 -0.102304 0.0909328 21.1925 -4.88814 86.0367 
0.0923484 0.00521585 -0.995713 0.100514 0.99483 0.0145335 0.990641 -0.101425 0.0913466 22.0022 -4.9871 86.1182 
0.0927859 0.00323835 -0.995681 0.100929 0.994813 0.0126409 0.990558 -0.101666 0.0919778 22.7722 -5.07921 86.1828 
0.0981313 0.000436659 -0.995173 0.100861 0.994846 0.0103821 0.990049 -0.101393 0.0975815 23.5624 -5.17662 86.1871 
0.0944585 -0.0072388 -0.995502 0.102904 0.994688 0.00253124 0.990196 -0.102681 0.0947017 24.3021 -5.2854 86.2796 
0.0919837 -0.0105522 -0.995705 0.102452 0.994737 -0.00107738 0.990476 -0.101913 0.0925807 25.0945 -5.38318 86.352 
0.0884633 -0.0126614 -0.995999 0.100798 0.9949 -0.00369461 0.990966 -0.100068 0.0892884 25.8795 -5.47825 86.4225 
0.082845 -0.0167602 -0.996422 0.0973932 0.995208 -0.00864225 0.991792 -0.0963287 0.0840803 26.6266 -5.59388 86.4642 
0.0760338 -0.0184851 -0.996934 0.0954083 0.995375 -0.0111796 0.99253 -0.0942658 0.0774458 27.4281 -5.6831 86.5375 
0.0668909 -0.0192236 -0.997575 0.0941609 0.995474 -0.0128693 0.993307 -0.0930717 0.0683982 28.1673 -5.78937 86.6013 
0.0581993 -0.0255852 -0.997977 0.0921276 0.995543 -0.0201502 0.994045 -0.0907685 0.060297 28.7732 -5.92901 86.5936 
0.0546751 -0.0256595 -0.998174 0.0926643 0.995486 -0.0205147 0.994195 -0.0913735 0.056806 29.5088 -6.01665 86.5822 
0.0447862 -0.0246704 -0.998692 0.0914377 0.9956 -0.0204935 0.994803 -0.0904003 0.0468449 30.2699 -6.10524 86.6108 
0.0333024 -0.0249203 -0.999135 0.0887927 0.99581 -0.0218778 0.995493 -0.0879873 0.0353756 30.9748 -6.20292 86.6305 
0.0232353 -0.0200194 -0.99953 0.0866354 0.996079 -0.0179363 0.995969 -0.0861779 0.0248785 31.7527 -6.28202 86.6482 
0.0120362 -0.0202004 -0.999723 0.0867642 0.996046 -0.0190815 0.996156 -0.0865105 0.0137413 32.5196 -6.36533 86.656 
-0.00897155 -0.0215338 -0.999728 0.0838001 0.996235 -0.0222106 0.996442 -0.0839765 -0.00713324 33.0776 -6.48503 86.7452 
-0.0167914 -0.0194617 -0.99967 0.0835449 0.996287 -0.0207991 0.996363 -0.0838666 -0.0151032 33.6248 -6.54665 86.705 
-0.0276785 -0.017179 -0.999469 0.0848798 0.996201 -0.0194734 0.996007 -0.0853738 -0.0261152 34.386 -6.61242 86.6935 
-0.0383117 -0.0158312 -0.99914 0.0857679 0.996133 -0.0190723 0.995578 -0.0864248 -0.0368057 35.2196 -6.68939 86.7173 
-0.0484066 -0.0148403 -0.998717 0.086071 0.996108 -0.0189733 0.995112 -0.086879 -0.0469408 36.0065 -6.76771 86.7054 
-0.0569198 -0.0143742 -0.998275 0.0865823 0.996058 -0.019279 0.994617 -0.0875303 -0.0554509 36.7095 -6.84415 86.6422 
-0.0654 -0.0124374 -0.997782 0.0859828 0.996133 -0.0180526 0.994148 -0.0869727 -0.0640777 37.4491 -6.91879 86.598 
-0.0693963 -0.0185405 -0.997417 0.0787316 0.996607 -0.0240033 0.994477 -0.0801939 -0.0677011 37.7592 -7.10243 86.3284 
-0.0752624 -0.0157992 -0.997039 0.0767261 0.996818 -0.0215874 0.994208 -0.0781236 -0.0738108 38.4686 -7.17554 86.2795 
-0.0820199 -0.0127928 -0.996549 0.074356 0.997052 -0.0189191 0.993853 -0.0756511 -0.0808269 39.1182 -7.24739 86.2765 
-0.0870182 -0.0100588 -0.996156 0.0718702 0.99728 -0.0163483 0.993611 -0.0730165 -0.0860586 39.7129 -7.32304 86.2466 
-0.0886374 -0.0110001 -0.996003 0.070069 0.997393 -0.0172511 0.993596 -0.071318 -0.0876355 40.338 -7.40346 86.1719 
-0.0890947 -0.00997283 -0.995973 0.0702761 0.997395 -0.0162736 0.993541 -0.071443 -0.0881618 40.9437 -7.46451 86.1326 
-0.0879945 -0.00878705 -0.996082 0.0715669 0.997321 -0.0151202 0.993547 -0.0726171 -0.0871299 41.592 -7.51642 86.0748 
-0.102606 -0.00614703 -0.994703 0.0698285 0.997469 -0.0133671 0.992268 -0.0708301 -0.101917 41.9662 -7.60635 86.3538 
-0.0977654 -0.00623766 -0.99519 0.0702537 0.997442 -0.0131534 0.992727 -0.0712017 -0.0970771 42.5566 -7.65659 86.2919 
-0.0877075 -0.00650978 -0.996125 0.0714694 0.997361 -0.0128106 0.993579 -0.0723161 -0.0870108 43.167 -7.70459 86.2253 
-0.0764071 -0.00859403 -0.99704 0.0714787 0.997343 -0.0140743 0.994511 -0.0723425 -0.0755897 43.7346 -7.75722 86.1862 
-0.0626366 -0.00845796 -0.998001 0.0714337 0.997361 -0.0129359 0.995477 -0.0721012 -0.0618671 44.2353 -7.80644 86.1921 
-0.0382449 -0.010527 -0.999213 0.0727369 0.997263 -0.0132905 0.996618 -0.0731879 -0.0373745 44.8375 -7.86137 86.0743 
-0.016171 -0.0135441 -0.999778 0.0754971 0.997037 -0.0147281 0.997015 -0.0757185 -0.0151006 45.3713 -7.90996 86.0697 
0.00983868 -0.016432 -0.999817 0.0784857 0.996793 -0.01561 0.996867 -0.0783177 0.0110968 45.9021 -7.95979 86.0663 
0.038297 -0.019931 -0.999068 0.0799286 0.996659 -0.0168191 0.996065 -0.0792099 0.0397621 46.4141 -8.01146 86.1017 
0.0714237 -0.0250844 -0.997131 0.0789227 0.996692 -0.0194202 0.994319 -0.0773092 0.0731671 46.9128 -8.06685 86.1576 
0.104897 -0.0289858 -0.994061 0.0730532 0.997099 -0.0213656 0.991796 -0.0703781 0.10671 47.1506 -8.16339 86.4081 
0.146934 -0.0336639 -0.988573 0.0689428 0.997339 -0.0237152 0.986741 -0.0646705 0.148864 47.6567 -8.2128 86.5136 
0.192294 -0.0368961 -0.980644 0.0651026 0.997571 -0.024767 0.979176 -0.0590799 0.194229 48.1804 -8.24314 86.6396 
0.240984 -0.0431712 -0.969568 0.0621354 0.997647 -0.0289778 0.968538 -0.0532613 0.2431 48.6793 -8.27727 86.7796 
0.292277 -0.0489213 -0.955082 0.0603392 0.997644 -0.0326362 0.954428 -0.0480901 0.294541 49.1417 -8.31146 86.9554 
0.353134 -0.0495632 -0.934259 0.0616759 0.997657 -0.0296141 0.933538 -0.0471635 0.355363 49.615 -8.31727 87.0723 
0.410499 -0.0491481 -0.910536 0.0621603 0.997732 -0.0258308 0.90974 -0.0459956 0.412623 50.0304 -8.34372 87.2942 
0.47062 -0.0501352 -0.880911 0.0651724 0.997632 -0.0219603 0.879926 -0.0470761 0.472773 50.4352 -8.37468 87.5325 
0.529554 -0.0507013 -0.84676 0.0692785 0.997463 -0.0163989 0.845443 -0.0499782 0.531722 50.8094 -8.38655 87.8075 
0.585972 -0.0541713 -0.808518 0.071099 0.997352 -0.0152944 0.807206 -0.0485228 0.588272 51.1418 -8.41429 88.1013 
0.641 -0.0583786 -0.765318 0.073233 0.997206 -0.0147301 0.764039 -0.0466045 0.643484 51.464 -8.43228 88.4142 
0.693326 -0.0595503 -0.718159 0.0730207 0.997256 -0.0121974 0.716915 -0.0439838 0.695772 51.7818 -8.44807 88.7541 
0.741393 -0.0603635 -0.66835 0.0711723 0.997402 -0.0111319 0.667286 -0.039315 0.743764 52.065 -8.46159 89.1124 
0.785478 -0.0624013 -0.615736 0.0676089 0.997601 -0.0148544 0.615186 -0.0299614 0.787812 52.3053 -8.48 89.4249 
0.825233 -0.0648023 -0.561063 0.0648595 0.997697 -0.0198355 0.561056 -0.0200214 0.827536 52.5013 -8.49809 89.7509 
0.860252 -0.0670591 -0.505439 0.0627103 0.997702 -0.0256376 0.505997 -0.00964142 0.862481 52.6871 -8.51314 90.1305 
0.890148 -0.0680829 -0.450557 0.0600573 0.997679 -0.0321046 0.451697 0.00151856 0.89217 52.865 -8.53265 90.4991 
0.91363 -0.0745126 -0.39966 0.0641308 0.997167 -0.0393075 0.401457 0.010282 0.91582 52.9893 -8.57362 90.869 
0.932603 -0.0781235 -0.352347 0.0671776 0.996805 -0.0432069 0.354597 0.0166251 0.934871 53.1258 -8.58002 91.3012 
0.947322 -0.082603 -0.309447 0.0715964 0.996336 -0.0467789 0.312177 0.0221594 0.949765 53.2691 -8.57084 91.7387 
0.95811 -0.0837145 -0.273893 0.0739549 0.99621 -0.0457856 0.276688 0.0236119 0.96067 53.3503 -8.55744 92.1866 
0.966461 -0.0833283 -0.242919 0.0745696 0.996198 -0.0450473 0.245749 0.0254221 0.969 53.437 -8.5384 92.6553 
0.972175 -0.0768056 -0.221306 0.0689283 0.99669 -0.0431122 0.223885 0.0266583 0.974251 53.5295 -8.52655 93.1275 
0.973928 -0.084399 -0.210575 0.0764728 0.996032 -0.0455189 0.213581 0.0282289 0.976517 53.5172 -8.57084 93.335 
0.975415 -0.0862586 -0.202793 0.0791206 0.995935 -0.0430611 0.205683 0.0259573 0.978274 53.4617 -8.50268 94.0428 
0.976223 -0.0974583 -0.193624 0.0900093 0.994835 -0.0469245 0.197197 0.0283808 0.979953 53.4987 -8.52861 94.5113 
0.976695 -0.104989 -0.187202 0.0978741 0.994094 -0.0468778 0.191018 0.0274631 0.981202 53.5803 -8.51513 95.0271 
0.976738 -0.110625 -0.183701 0.104202 0.99357 -0.0442863 0.187419 0.0241142 0.981984 53.6679 -8.50518 95.5422 
0.977618 -0.109221 -0.179816 0.103307 0.993764 -0.0419623 0.183278 0.0224468 0.982805 53.7874 -8.499 96.0651 
0.977142 -0.107925 -0.183155 0.102527 0.993976 -0.0387193 0.186231 0.019056 0.982321 53.8817 -8.49584 96.5965 
0.976051 -0.108032 -0.188824 0.103485 0.994056 -0.0338067 0.191354 0.0134566 0.981429 53.9457 -8.50324 97.2063 
0.975279 -0.107558 -0.193032 0.103839 0.994162 -0.0293137 0.195058 0.0085448 0.980754 54.0602 -8.49397 97.7692 
0.974047 -0.11294 -0.196155 0.108943 0.993562 -0.0310817 0.198402 0.00890531 0.98008 54.1815 -8.49221 98.3465 
0.973534 -0.117449 -0.196054 0.112583 0.992996 -0.035823 0.198888 0.0128025 0.979939 54.3694 -8.49092 98.9323 
0.972616 -0.115163 -0.201878 0.109116 0.993188 -0.0408693 0.20521 0.017722 0.978558 54.4208 -8.48992 99.5016 
0.972746 -0.111737 -0.203174 0.104691 0.99348 -0.0451365 0.206892 0.022636 0.978102 54.5841 -8.48272 100.084 
0.972121 -0.110469 -0.206827 0.1023 0.993505 -0.0498188 0.210987 0.0272715 0.977108 54.7216 -8.47664 100.719 
0.97207 -0.105998 -0.20939 0.0977635 0.993987 -0.0493217 0.213359 0.0274735 0.976587 54.8697 -8.46267 101.354 
0.97254 -0.101752 -0.209312 0.0942356 0.994505 -0.0456018 0.212802 0.0246249 0.976785 55.0132 -8.45403 101.992 
0.972428 -0.0999134 -0.210715 0.0938215 0.994835 -0.0387383 0.213497 0.0179006 0.97678 55.1346 -8.44746 102.657 
0.972317 -0.100844 -0.210787 0.0961256 0.994837 -0.0325388 0.21298 0.011376 0.97699 55.2683 -8.43635 103.331 
0.972675 -0.102673 -0.208237 0.098692 0.994682 -0.0294466 0.210153 0.00809064 0.977635 55.4052 -8.42804 104.015 
0.973252 -0.102074 -0.205817 0.0972689 0.994699 -0.0333572 0.208131 0.0124454 0.978022 55.5515 -8.41752 104.716 
0.973899 -0.0995356 -0.203993 0.0932758 0.994832 -0.0400997 0.20693 0.0200255 0.978151 55.708 -8.41073 105.435 
0.974307 -0.101287 -0.201163 0.0938176 0.99451 -0.0463477 0.204753 0.0262843 0.978461 55.8514 -8.40587 106.158 
0.974468 -0.104352 -0.198805 0.0968857 0.994188 -0.0469496 0.202548 0.0264896 0.978914 55.9651 -8.40503 106.823 
0.974407 -0.108927 -0.196637 0.102386 0.993808 -0.0431562 0.20012 0.0219188 0.979526 56.1019 -8.3861 107.569 
0.97528 -0.108002 -0.19278 0.102674 0.99401 -0.0374475 0.19567 0.0167283 0.980527 56.2475 -8.36848 108.319 
0.97627 -0.105989 -0.188845 0.101319 0.994264 -0.0342446 0.191391 0.0142984 0.98141 56.394 -8.35898 109.074 
0.977037 -0.103869 -0.18604 0.0990436 0.994465 -0.0350712 0.188653 0.0158398 0.981916 56.5354 -8.34387 109.862 
0.978135 -0.0997466 -0.18249 0.0947131 0.994849 -0.036115 0.185153 0.0180412 0.982544 56.6873 -8.33277 110.648 
0.978571 -0.0989084 -0.180597 0.093504 0.994885 -0.0382182 0.183453 0.0205127 0.982814 56.8309 -8.31603 111.455 
0.979139 -0.0957435 -0.179222 0.0900481 0.995147 -0.0396675 0.18215 0.0227014 0.983009 56.9808 -8.29976 112.274 
0.979579 -0.0911098 -0.179234 0.0852231 0.995547 -0.0402898 0.182107 0.0241922 0.982981 57.1317 -8.29337 113.057 
0.979586 -0.0930101 -0.178212 0.0867927 0.995324 -0.0423893 0.181321 0.0260564 0.983079 57.2794 -8.28756 113.869 
0.979021 -0.0982802 -0.178492 0.0923683 0.994874 -0.0411558 0.181621 0.0238054 0.98308 57.4139 -8.27161 114.69 
0.97837 -0.103402 -0.179167 0.0980176 0.994433 -0.0386753 0.182169 0.0202772 0.983058 57.5506 -8.25608 115.528 
0.977208 -0.112037 -0.180309 0.10681 0.993535 -0.0384735 0.183454 0.0183378 0.982857 57.6806 -8.23526 116.372 
0.976025 -0.117588 -0.183164 0.112153 0.992894 -0.0397879 0.186541 0.0182914 0.982277 57.8178 -8.21423 117.209 
0.975102 -0.120693 -0.186034 0.114725 0.992485 -0.0425568 0.189772 0.0201544 0.981621 57.9637 -8.211 118.052 
0.973062 -0.123332 -0.194779 0.117282 0.992196 -0.0423396 0.198481 0.018355 0.979933 58.0068 -8.18817 118.981 
0.972952 -0.120892 -0.196849 0.115431 0.992549 -0.0390273 0.2001 0.0152493 0.979657 58.1734 -8.17548 119.818 
0.973652 -0.114133 -0.197424 0.108348 0.993312 -0.0398952 0.200657 0.0174536 0.979506 58.3724 -8.18797 120.597 
0.976366 -0.103275 -0.189854 0.09782 0.994482 -0.0379099 0.192721 0.0184424 0.98108 58.6567 -8.24011 121.165 
0.976356 -0.103923 -0.189549 0.0974164 0.994299 -0.0433518 0.192973 0.0238617 0.980914 58.8329 -8.35398 121.616 
0.975708 -0.107283 -0.191009 0.100066 0.993867 -0.0470624 0.194886 0.0268056 0.98046 58.9944 -8.34026 122.477 
0.977072 -0.111502 -0.181376 0.103434 0.993203 -0.053377 0.186094 0.0333928 0.981964 59.2975 -8.34234 123.254 
0.976337 -0.116439 -0.182229 0.107418 0.992483 -0.0586467 0.187688 0.0376842 0.981505 59.4407 -8.32805 124.086 
0.976288 -0.114553 -0.183682 0.106725 0.992929 -0.0519846 0.188339 0.0311484 0.98161 59.5966 -8.31226 124.931 
0.977156 -0.10803 -0.183017 0.103092 0.994009 -0.0363138 0.185843 0.0166167 0.982439 59.7682 -8.29931 125.757 
0.977549 -0.104217 -0.183133 0.10107 0.994527 -0.0264618 0.184888 0.00735854 0.982732 59.9266 -8.28861 126.569 
0.977877 -0.103151 -0.18198 0.0983887 0.994531 -0.0350325 0.184598 0.0163528 0.982678 60.0797 -8.2717 127.414 
0.978642 -0.100362 -0.179409 0.0920234 0.994279 -0.054232 0.183826 0.0365638 0.982279 60.248 -8.25212 128.268 
0.978898 -0.100186 -0.178103 0.0891092 0.993618 -0.0691586 0.183895 0.0518286 0.981579 60.4029 -8.24254 129.104 
0.97861 -0.103812 -0.177611 0.0937352 0.993523 -0.0642354 0.183129 0.0462129 0.982002 60.5465 -8.2215 129.922 
