1 0 0 0 0 1 0 0 0 0 1 0
0.999979 0.00185531 -0.00625063 0.0246419 -0.00187099 0.999995 -0.0025047 0.0103869 0.00624596 0.00251634 0.999977 0.724651
0.999921 0.00284956 -0.0122392 0.0295072 -0.00289979 0.999987 -0.00408844 0.00249122 0.0122274 0.00412361 0.999917 1.40678
0.999855 0.00520525 -0.0162441 0.00229257 -0.00528403 0.999974 -0.00481065 -0.00702989 0.0162187 0.00489578 0.999856 2.0604
0.999774 0.00440848 -0.0207855 -0.0166298 -0.00451315 0.999977 -0.00499129 -0.0164946 0.020763 0.00508397 0.999771 2.79397
0.999682 0.00547756 -0.0246185 -0.0498867 -0.00562958 0.999965 -0.00611011 -0.0244165 0.0245842 0.00624676 0.999678 3.55585
0.999566 0.0063876 -0.0287474 -0.0872961 -0.00656082 0.999961 -0.00593536 -0.0370499 0.0287083 0.00612139 0.999569 4.35589
0.999443 0.00580998 -0.0328633 -0.121938 -0.00593678 0.999975 -0.00376222 -0.0497464 0.0328406 0.00395522 0.999453 5.1379
0.999302 0.0052558 -0.0369815 -0.172567 -0.00528929 0.999986 -0.000807919 -0.0620071 0.0369767 0.00100296 0.999316 5.88187
0.999164 0.00449083 -0.0406359 -0.216174 -0.00441102 0.999988 0.00205328 -0.0713527 0.0406446 -0.00187232 0.999172 6.68765
