1 0 0 0 1 0 0 0 1 0 0 0 
0.999982 0.000353503 -0.00603792 -0.000362615 0.999999 -0.00150817 0.00603738 0.00151033 0.999981 0.025626 -0.00649613 0.661398 
0.999932 -0.000669439 -0.0116749 0.000635917 0.999996 -0.00287475 0.0116768 0.00286713 0.999928 0.047035 -0.00944671 1.2959 
0.999849 0.000158033 -0.0173533 -0.000221462 0.999993 -0.00365327 0.0173526 0.00365657 0.999843 0.0592946 -0.00738961 1.94874 
0.999695 -0.00117188 -0.0246523 0.00107081 0.999991 -0.00411274 0.0246569 0.00408508 0.999688 0.107721 -0.00763081 2.63108 
0.999545 -0.000417021 -0.0301578 0.00025027 0.999985 -0.00553284 0.0301597 0.00552278 0.99953 0.129721 -0.00227611 3.39205 
0.999324 0.00118476 -0.0367325 -0.00141535 0.999979 -0.00625229 0.0367244 0.00630005 0.999306 0.164294 0.00241108 4.07807 
0.999148 0.00255075 -0.0411909 -0.00274541 0.999985 -0.00466978 0.0411784 0.00477889 0.99914 0.189525 0.00227391 4.85029 
0.998931 0.000471629 -0.0462156 -0.000579883 0.999997 -0.002329 0.0462144 0.00235331 0.998929 0.226648 0.00682482 5.59858 
0.998725 0.000522562 -0.0504877 -0.000509904 1 0.000263585 0.0504878 -0.000237505 0.998725 0.272776 0.00245796 6.37067 
0.998562 0.00168091 -0.0535815 -0.00170704 0.999998 -0.00044191 0.0535806 0.00053274 0.998563 0.313763 -0.00496605 7.18579 
0.998386 0.000566445 -0.0567861 -0.000626798 0.999999 -0.00104502 0.0567854 0.00107892 0.998386 0.364659 -0.00452261 7.94881 
0.998163 -0.00196449 -0.0605474 0.00189719 0.999998 -0.00116895 0.0605495 0.00105193 0.998165 0.42849 -0.0239322 8.67366 
0.998139 0.000284272 -0.0609789 -0.000287979 1 -5.19989e-05 0.0609789 6.94628e-05 0.998139 0.454457 -0.0341321 9.52509 
0.998011 -0.0011425 -0.0630287 0.00110923 0.999999 -0.000562902 0.0630293 0.000491869 0.998012 0.516043 -0.0414147 10.3458 
0.997846 0.000892971 -0.0655878 -0.00107996 0.999995 -0.00281563 0.065585 0.0028804 0.997843 0.568656 -0.0450863 11.1441 
0.997708 0.00143294 -0.0676529 -0.00180735 0.999983 -0.00547339 0.0676439 0.00558311 0.997694 0.632887 -0.0464309 12.0128 
0.997438 0.00278306 -0.071478 -0.00331291 0.999968 -0.00729538 0.0714554 0.00751349 0.997415 0.704951 -0.0395088 12.827 
0.997279 0.0036388 -0.0736232 -0.00413281 0.99997 -0.00655879 0.0735971 0.00684521 0.997265 0.771468 -0.0460996 13.6512 
0.997188 0.00220178 -0.0749108 -0.00261399 0.999982 -0.00540509 0.0748975 0.00558571 0.997176 0.829207 -0.0440652 14.5005 
0.996863 0.0022404 -0.0791135 -0.00259438 0.999987 -0.00437179 0.0791027 0.00456333 0.996856 0.926868 -0.0439095 15.2912 
0.996674 0.00151593 -0.081481 -0.00186563 0.999989 -0.00421582 0.0814738 0.00435381 0.996666 1.01791 -0.0566285 16.0832 
0.996501 0.00115183 -0.0835745 -0.00158613 0.999986 -0.00513035 0.0835674 0.00524496 0.996488 1.09325 -0.0580524 16.9655 
0.996418 0.000579984 -0.0845676 -0.00109417 0.999981 -0.00603393 0.0845625 0.00610484 0.996399 1.16495 -0.060006 17.8352 
0.99635 0.00846575 -0.0849443 -0.00884827 0.999952 -0.00412767 0.0849053 0.00486421 0.996377 1.209 -0.08029 18.7565 
0.996336 0.00927203 -0.0850265 -0.00935688 0.999956 -0.0005995 0.0850172 0.00139289 0.996379 1.28262 -0.0871365 19.6323 
0.996312 0.00880276 -0.0853515 -0.00857921 0.999959 0.00298564 0.0853742 -0.00224238 0.996346 1.36951 -0.0953035 20.5347 
0.996426 0.00735245 -0.0841478 -0.00691719 0.999961 0.00546301 0.0841847 -0.00486142 0.996438 1.44673 -0.105316 21.3921 
0.996574 0.00673429 -0.0824354 -0.00626397 0.999963 0.00596266 0.0824725 -0.00542585 0.996579 1.51989 -0.111601 22.3305 
0.996386 0.0120333 -0.0840853 -0.0117127 0.999922 0.00430516 0.0841305 -0.00330473 0.996449 1.69317 -0.144956 23.0224 
0.996357 0.0133344 -0.0842264 -0.0134209 0.99991 -0.000461369 0.0842126 0.00159008 0.996447 1.78276 -0.158449 23.913 
0.996454 0.0122959 -0.0832349 -0.0126258 0.999914 -0.00343898 0.0831855 0.00447769 0.996524 1.86352 -0.157259 24.8431 
0.996522 0.0103759 -0.0826839 -0.0106187 0.999941 -0.00249685 0.0826531 0.00336616 0.996573 1.94269 -0.161588 25.7522 
0.996506 0.00777973 -0.0831616 -0.0076368 0.999969 0.00203675 0.0831748 -0.00139455 0.996534 2.024 -0.166202 26.6634 
0.996473 0.00368572 -0.0838386 -0.00328513 0.999983 0.00491555 0.0838553 -0.00462279 0.996467 2.10717 -0.180071 27.6 
0.996413 -0.0022471 -0.0845917 0.0025707 0.99999 0.00371673 0.0845824 -0.00392086 0.996409 2.19157 -0.196213 28.5686 
0.996238 -0.00433358 -0.0865527 0.00430584 0.999991 -0.00050717 0.0865541 0.00013258 0.996247 2.28028 -0.203169 29.4873 
0.996009 -0.00424154 -0.0891512 0.00387903 0.999983 -0.00423908 0.0891677 0.00387634 0.996009 2.36833 -0.2115 30.3638 
0.995849 -0.00326936 -0.0909607 0.00279853 0.999982 -0.00530324 0.0909764 0.00502667 0.99584 2.44751 -0.203296 31.3555 
0.99564 -0.00650312 -0.093055 0.00612104 0.999972 -0.00439077 0.0930809 0.00380203 0.995651 2.55118 -0.202531 32.2819 
0.995613 -0.00269333 -0.0935333 0.00257316 0.999996 -0.00140535 0.0935366 0.00115851 0.995615 2.62575 -0.210814 33.2337 
0.995498 -0.0026523 -0.0947498 0.00266375 0.999996 -5.68905e-06 0.0947495 -0.000246726 0.995501 2.70869 -0.223303 34.1386 
0.995401 -0.00168503 -0.0957856 0.0019505 0.999995 0.00267793 0.0957805 -0.00285245 0.995398 2.797 -0.24056 35.0352 
0.995334 -0.002643 -0.096458 0.00318002 0.99998 0.00541405 0.0964418 -0.00569552 0.995322 2.89274 -0.257009 35.9802 
0.995177 0.00219032 -0.098074 -0.00143 0.999968 0.00782212 0.098088 -0.00764415 0.995148 2.98871 -0.267866 36.8827 
0.99506 -6.04713e-05 -0.0992801 0.000745574 0.999976 0.00686361 0.0992773 -0.00690373 0.995036 3.09532 -0.291182 37.9087 
0.995022 -0.000264652 -0.0996575 0.000771575 0.999987 0.00504815 0.0996548 -0.00509991 0.995009 3.19499 -0.305537 38.8471 
0.994826 -0.00142501 -0.101584 0.00163586 0.999997 0.00199233 0.101581 -0.0021482 0.994825 3.31176 -0.300667 39.6977 
0.994633 -0.00209666 -0.10344 0.00229136 0.999996 0.00176342 0.103436 -0.00199097 0.994634 3.4189 -0.314319 40.6237 
0.994388 -0.00489518 -0.105682 0.00517549 0.999984 0.00237827 0.105668 -0.00291188 0.994397 3.52979 -0.320468 41.4857 
0.994244 -0.00506859 -0.107018 0.00544616 0.99998 0.00323607 0.107 -0.00380028 0.994252 3.63485 -0.336398 42.4333 
0.994116 -0.00359683 -0.108257 0.0035919 0.999994 -0.00024056 0.108258 -0.000149705 0.994123 3.73453 -0.344466 43.3176 
0.993798 -0.00676384 -0.110997 0.0062094 0.999966 -0.00534003 0.111029 0.00461768 0.993806 3.8439 -0.338517 44.1497 
0.993659 -0.00698123 -0.112223 0.00626495 0.999958 -0.00673407 0.112265 0.00598829 0.99366 3.95333 -0.338423 45.0834 
0.993551 -0.0091497 -0.113017 0.00881842 0.999955 -0.00343087 0.113043 0.00241211 0.993587 4.05253 -0.345518 45.9293 
0.993373 -0.0126188 -0.114243 0.0125876 0.99992 -0.000994385 0.114246 -0.000450246 0.993452 4.1752 -0.354833 46.8657 
0.99324 -0.0149178 -0.115114 0.0149381 0.999888 -0.000686884 0.115112 -0.00103735 0.993352 4.28639 -0.369523 47.7676 
0.993109 -0.0186992 -0.115691 0.0185571 0.999825 -0.00230501 0.115714 0.000142236 0.993283 4.40126 -0.385511 48.6839 
0.992057 -0.0372931 -0.120136 0.0366577 0.9993 -0.00749538 0.120332 0.00303192 0.992729 4.57277 -0.380379 49.4389 
0.991823 -0.0394418 -0.121374 0.0389023 0.99922 -0.00681217 0.121548 0.00203474 0.992583 4.68178 -0.381329 50.3344 
0.99151 -0.0429261 -0.122739 0.0428161 0.999077 -0.00353407 0.122777 -0.00175112 0.992433 4.7852 -0.38756 51.1372 
0.991231 -0.0451261 -0.124198 0.0455884 0.99896 0.000881019 0.124029 -0.00653526 0.992257 4.90361 -0.402232 52.0045 
0.991028 -0.0462308 -0.125407 0.0469086 0.998896 0.0024554 0.125155 -0.00831604 0.992102 5.02373 -0.414793 52.9112 
0.990451 -0.0476287 -0.129379 0.0478023 0.998855 -0.00176535 0.129315 -0.00443612 0.991594 5.155 -0.440183 53.7488 
0.990273 -0.0459813 -0.131321 0.0451424 0.998937 -0.00935973 0.131612 0.00334052 0.991296 5.27224 -0.451212 54.6173 
0.990212 -0.04303 -0.132772 0.041576 0.999041 -0.0137056 0.133234 0.0080513 0.991052 5.39145 -0.468202 55.458 
0.990134 -0.0392011 -0.13453 0.0378774 0.999206 -0.0123854 0.134909 0.0071675 0.990832 5.51827 -0.476928 56.2672 
0.989896 -0.0364938 -0.137021 0.0355089 0.999323 -0.00962619 0.13728 0.00466346 0.990521 5.65482 -0.509107 57.0839 
0.98986 -0.0337171 -0.137985 0.0329759 0.999427 -0.00765468 0.138165 0.00302686 0.990405 5.77061 -0.525758 57.9936 
0.989001 -0.0428884 -0.141557 0.041917 0.999073 -0.00983846 0.141848 0.00379659 0.989881 5.88514 -0.526601 58.5651 
0.988515 -0.0441094 -0.144543 0.043198 0.999022 -0.0094396 0.144818 0.00308722 0.989454 6.01337 -0.535446 59.3397 
0.98769 -0.0507881 -0.14795 0.0496291 0.998701 -0.0115177 0.148343 0.00403333 0.988928 6.13396 -0.510185 60.076 
0.987169 -0.0527123 -0.150729 0.05158 0.998604 -0.0114143 0.15112 0.00349319 0.988509 6.24875 -0.522194 60.7467 
0.985761 -0.0603164 -0.156965 0.0593621 0.998178 -0.0107651 0.157328 0.00129404 0.987546 6.4087 -0.560896 61.3866 
0.985125 -0.0619523 -0.160281 0.0614123 0.998078 -0.00832535 0.160489 -0.0016417 0.987036 6.53846 -0.57436 62.0639 
0.985666 -0.0568026 -0.158857 0.0568762 0.998373 -0.00408747 0.15883 -0.00500628 0.987293 6.62045 -0.578067 62.8708 
0.985241 -0.0557394 -0.161845 0.0561614 0.99842 -0.00196993 0.161699 -0.00714856 0.986814 6.75036 -0.605343 63.5671 
0.984494 -0.0567897 -0.16597 0.0565401 0.998381 -0.00623209 0.166055 -0.00324852 0.986111 6.88424 -0.632608 64.1678 
0.983621 -0.0601351 -0.169922 0.058617 0.998183 -0.0139412 0.170452 0.0037525 0.985359 7.04439 -0.65377 64.8985 
0.983081 -0.0617845 -0.172439 0.0592527 0.998047 -0.0197961 0.173325 0.00924365 0.984821 7.17187 -0.664264 65.5095 
0.980534 -0.0634598 -0.185813 0.0602039 0.997918 -0.0231187 0.186893 0.011482 0.982313 7.45612 -0.69054 65.8394 
0.979744 -0.0677402 -0.188451 0.0650197 0.997672 -0.0205884 0.189407 0.00791832 0.981867 7.60547 -0.691268 66.4798 
0.97632 -0.0860338 -0.198487 0.080609 0.996122 -0.0352665 0.200751 0.0184316 0.979469 7.90844 -0.764978 66.7319 
0.972281 -0.0990354 -0.211806 0.0904259 0.994648 -0.0499797 0.215623 0.0294415 0.976033 8.19929 -0.780597 66.9621 
0.967727 -0.114619 -0.224424 0.102752 0.992652 -0.0639027 0.2301 0.0387804 0.972394 8.48168 -0.81782 67.1981 
0.966794 -0.121605 -0.22477 0.108328 0.99161 -0.0705369 0.231462 0.0438459 0.971855 8.63116 -0.801277 67.6938 
0.967329 -0.120907 -0.222838 0.107608 0.99166 -0.0709317 0.229556 0.0446352 0.972271 8.765 -0.778818 68.2029 
0.966278 -0.124106 -0.225619 0.110789 0.991318 -0.0708073 0.232448 0.0434235 0.971639 8.9434 -0.768497 68.5807 
0.965257 -0.1321 -0.225451 0.119141 0.990392 -0.0702095 0.232559 0.0409097 0.971721 9.12216 -0.771149 69.0221 
0.964484 -0.140967 -0.223382 0.128588 0.989288 -0.0691027 0.23073 0.0379242 0.972278 9.27995 -0.760232 69.4573 
0.964838 -0.148042 -0.217188 0.136509 0.988353 -0.0672632 0.224616 0.03525 0.97381 9.32712 -0.762429 69.6042 
0.967238 -0.145252 -0.208214 0.134115 0.988717 -0.0667232 0.215556 0.0366127 0.975805 9.43972 -0.75952 70.032 
0.968603 -0.149523 -0.198624 0.137831 0.98787 -0.0715187 0.206909 0.0418966 0.977463 9.53393 -0.73927 70.2899 
0.971588 -0.148054 -0.184651 0.137001 0.988 -0.0713176 0.192994 0.0439939 0.980213 9.65772 -0.730216 70.6715 
0.974753 -0.151097 -0.164398 0.141013 0.987427 -0.0714368 0.173125 0.046451 0.983804 9.77314 -0.72106 71.0898 
0.975244 -0.163118 -0.149307 0.152919 0.985196 -0.077493 0.159737 0.0527427 0.98575 9.96793 -0.725344 71.3783 
0.976932 -0.173533 -0.124457 0.164432 0.983132 -0.0800802 0.136254 0.0577683 0.988988 10.0994 -0.713435 71.7362 
0.98107 -0.171249 -0.0904176 0.164373 0.98325 -0.0787449 0.102388 0.0623921 0.992786 10.1356 -0.698824 71.9913 
0.983137 -0.174374 -0.0550927 0.16979 0.982297 -0.0791437 0.0679181 0.0684549 0.99534 10.2227 -0.687993 72.3592 
0.984952 -0.172276 -0.0138165 0.170671 0.982135 -0.0792656 0.0272252 0.0757147 0.996758 10.2702 -0.667065 72.7097 
0.983104 -0.182539 0.0136461 0.182947 0.977345 -0.106427 0.00609003 0.107125 0.994227 10.5706 -0.721806 72.8486 
0.979026 -0.196807 0.0526832 0.202129 0.970684 -0.130063 -0.0255414 0.137984 0.990105 10.7299 -0.757913 72.999 
0.974861 -0.198381 0.101442 0.211001 0.968221 -0.134262 -0.0715835 0.152291 0.98574 10.813 -0.740349 73.3195 
0.968006 -0.198511 0.153485 0.219882 0.965761 -0.137687 -0.120897 0.167031 0.978511 10.8531 -0.723165 73.5002 
0.957982 -0.19747 0.208028 0.228986 0.963296 -0.14009 -0.172729 0.181839 0.968039 10.8981 -0.696816 73.7576 
0.944386 -0.195489 0.264422 0.238547 0.960739 -0.141691 -0.226341 0.196888 0.953942 10.8973 -0.697563 73.7509 
0.926788 -0.192166 0.322703 0.248233 0.958188 -0.142325 -0.28186 0.21201 0.935739 10.9095 -0.658458 74.0386 
0.907662 -0.196375 0.370927 0.269997 0.949838 -0.157825 -0.321327 0.243401 0.915153 11.0748 -0.652093 74.2769 
0.886267 -0.193807 0.420678 0.282512 0.945929 -0.159393 -0.36704 0.260111 0.893098 11.1316 -0.609996 74.568 
0.862392 -0.180004 0.473158 0.283713 0.945929 -0.157243 -0.41927 0.269846 0.866831 11.1054 -0.572778 74.7599 
0.835053 -0.170204 0.523179 0.289898 0.944342 -0.15549 -0.467595 0.281511 0.837918 11.0684 -0.513812 75.037 
0.804984 -0.16735 0.569205 0.305759 0.939195 -0.156281 -0.508441 0.299844 0.807206 11.0647 -0.435043 75.2916 
0.772827 -0.159138 0.61434 0.313928 0.937177 -0.15215 -0.551532 0.310444 0.774233 10.9788 -0.368363 75.5648 
0.742171 -0.141856 0.655026 0.314539 0.936748 -0.153518 -0.591817 0.319968 0.739847 10.8698 -0.298061 75.8033 
0.710858 -0.124785 0.692177 0.315099 0.936349 -0.154799 -0.628803 0.328145 0.704931 10.7608 -0.236958 76.0379 
0.678785 -0.10837 0.726297 0.31649 0.935651 -0.156179 -0.662635 0.335878 0.669403 10.5895 -0.140541 76.3021 
0.645876 -0.101923 0.756608 0.323002 0.93446 -0.149848 -0.691747 0.341169 0.636466 10.4296 -0.0526124 76.5646 
0.61138 -0.102162 0.784715 0.331437 0.933523 -0.13669 -0.718585 0.343654 0.604598 10.2276 0.0577075 76.834 
0.583281 -0.0945952 0.806744 0.332645 0.933909 -0.130999 -0.741033 0.344769 0.576198 10.0038 0.164434 77.0888 
0.559027 -0.082594 0.825026 0.334951 0.932718 -0.133584 -0.758483 0.35102 0.549079 9.77851 0.268075 77.3124 
0.538416 -0.0607395 0.840488 0.332406 0.93183 -0.145599 -0.774348 0.357776 0.521902 9.427 0.418402 77.5753 
0.518049 -0.0467763 0.854071 0.332866 0.930818 -0.150925 -0.787924 0.362478 0.49778 9.15753 0.534665 77.784 
0.497337 -0.0404857 0.866613 0.334891 0.930446 -0.148721 -0.800315 0.364185 0.476303 8.91653 0.63493 77.9733 
0.47598 -0.039154 0.878584 0.340761 0.92918 -0.143201 -0.810756 0.367548 0.455613 8.60465 0.776145 78.1974 
0.457224 -0.0378084 0.888547 0.350191 0.926036 -0.140796 -0.817503 0.375537 0.436646 8.30536 0.929098 78.4 
0.440462 -0.0330048 0.897165 0.357164 0.923279 -0.141384 -0.823667 0.382709 0.418457 7.97877 1.09671 78.5989 
0.427335 -0.0233044 0.903793 0.356049 0.923221 -0.144543 -0.831032 0.383563 0.402822 7.64522 1.25414 78.778 
0.416489 -0.0136986 0.909038 0.349258 0.925572 -0.14607 -0.839379 0.378325 0.390274 7.27732 1.38133 78.9632 
0.404012 -0.00637752 0.914732 0.345559 0.926944 -0.146161 -0.846973 0.375145 0.3767 6.87733 1.54836 79.1435 
0.392019 -0.00329627 0.919951 0.344367 0.927816 -0.143421 -0.853072 0.373024 0.364857 6.51303 1.70524 79.3153 
0.380962 -0.00364691 0.924584 0.345882 0.927947 -0.138856 -0.857458 0.372695 0.354774 6.12111 1.87792 79.5059 
0.371523 -0.00158473 0.928422 0.347431 0.927577 -0.137447 -0.860966 0.373627 0.345167 5.7163 2.05286 79.68 
0.363919 -0.00650808 0.931408 0.353351 0.92619 -0.131589 -0.861804 0.377001 0.339358 5.32838 2.261 79.8783 
0.358591 -0.00716939 0.933467 0.354843 0.925956 -0.129201 -0.863423 0.377564 0.334583 4.88632 2.45489 80.0668 
0.353696 -0.00672843 0.935336 0.356687 0.925382 -0.128224 -0.864681 0.378975 0.329704 4.40092 2.67111 80.2682 
0.348538 -0.00427819 0.937285 0.357305 0.925086 -0.128644 -0.866519 0.379734 0.323956 3.91498 2.8847 80.4579 
0.344265 -0.00561732 0.938856 0.358717 0.924903 -0.126003 -0.867642 0.380162 0.320427 3.42904 3.09914 80.6508 
0.341673 -0.00874415 0.939778 0.360489 0.92469 -0.122458 -0.867933 0.380621 0.319093 3.19442 3.20432 80.7487 
0.338934 -0.00740562 0.940781 0.360376 0.924721 -0.122553 -0.869053 0.380572 0.316089 2.70703 3.41692 80.9277 
0.336052 -0.00870399 0.941803 0.3611 0.924735 -0.120301 -0.869871 0.380513 0.313902 2.1679 3.65687 81.1261 
0.333377 -0.0109792 0.94273 0.362049 0.924754 -0.117261 -0.870506 0.380406 0.312267 1.50224 3.94427 81.36 
0.333081 -0.0151992 0.942776 0.363362 0.924713 -0.113467 -0.870072 0.380362 0.313527 0.893832 4.20975 81.5866 
0.334577 -0.0186186 0.942185 0.36412 0.924711 -0.111028 -0.869181 0.380215 0.316166 0.307486 4.46133 81.8044 
0.336997 -0.024954 0.941175 0.365685 0.924635 -0.106421 -0.867587 0.380037 0.320724 -0.302394 4.72593 82.0429 
0.340763 -0.0285564 0.939716 0.366318 0.924576 -0.104739 -0.865848 0.379926 0.325522 -0.757596 4.9347 82.2257 
0.344022 -0.0329895 0.938382 0.365629 0.925208 -0.101518 -0.864849 0.378023 0.330354 -1.34935 5.18636 82.4592 
0.348564 -0.040297 0.936418 0.3666 0.925346 -0.0966394 -0.862617 0.376976 0.337315 -1.89812 5.43942 82.7364 
0.353648 -0.0393795 0.934549 0.363391 0.926418 -0.0984759 -0.861905 0.374433 0.341936 -2.45507 5.67168 82.9565 
0.357408 -0.0399515 0.933093 0.362451 0.926714 -0.0991533 -0.860749 0.373639 0.345696 -3.05633 5.93219 83.2102 
0.362714 -0.04203 0.930952 0.362761 0.926554 -0.0995058 -0.858396 0.373805 0.351321 -3.63852 6.17187 83.4707 
0.366173 -0.0410155 0.929642 0.365699 0.92499 -0.103234 -0.855676 0.377771 0.353706 -4.24215 6.43611 83.7108 
0.370071 -0.0386589 0.928199 0.368578 0.923243 -0.108499 -0.852759 0.382266 0.355914 -4.86514 6.70963 83.9807 
0.372232 -0.0402741 0.927266 0.37139 0.922052 -0.109039 -0.850596 0.384965 0.358175 -5.402 6.95009 84.2391 
0.374085 -0.0417408 0.926455 0.371402 0.92212 -0.10842 -0.849777 0.384645 0.360454 -5.63719 7.05654 84.3501 
0.375493 -0.041499 0.925896 0.36925 0.922989 -0.108379 -0.850094 0.382582 0.361899 -6.20193 7.30253 84.5945 
0.37611 -0.0460558 0.92543 0.370345 0.922988 -0.10458 -0.849344 0.382062 0.364202 -6.70748 7.53227 84.8492 
0.379182 -0.044271 0.924262 0.368184 0.923597 -0.10681 -0.848918 0.380799 0.366512 -7.11005 7.70162 85.0363 
0.380157 -0.0439316 0.923878 0.368887 0.923191 -0.10789 -0.848176 0.381822 0.367163 -7.76427 7.99675 85.3243 
0.381614 -0.0483844 0.923055 0.371726 0.922347 -0.105334 -0.846281 0.38332 0.369966 -8.35225 8.28563 85.626 
0.382345 -0.0475975 0.922793 0.372049 0.922072 -0.106593 -0.845808 0.384079 0.370258 -8.95571 8.54901 85.9043 
0.381897 -0.0474817 0.922984 0.371557 0.922306 -0.10629 -0.846227 0.383533 0.369868 -9.61714 8.83959 86.2166 
0.380508 -0.0449356 0.923685 0.369657 0.922943 -0.107379 -0.847683 0.382305 0.367798 -10.2179 9.10226 86.4896 
0.377864 -0.0431093 0.924857 0.36734 0.923909 -0.107017 -0.84987 0.380175 0.364948 -10.822 9.36492 86.7665 
0.374105 -0.0425484 0.92641 0.36574 0.92475 -0.105222 -0.85222 0.378189 0.361515 -11.4292 9.62109 87.0564 
0.368672 -0.0401875 0.92869 0.366039 0.924623 -0.105299 -0.854457 0.378758 0.355593 -12.0575 9.88879 87.3341 
0.361939 -0.0385164 0.931406 0.368584 0.923642 -0.105034 -0.856239 0.381317 0.348499 -12.6608 10.1676 87.6147 
0.354024 -0.0370386 0.934503 0.369688 0.923378 -0.103454 -0.859068 0.3821 0.340591 -13.2976 10.4454 87.8948 
0.34524 -0.0343031 0.937887 0.369687 0.923507 -0.102306 -0.862636 0.382045 0.331513 -13.9065 10.7109 88.1455 
0.337233 -0.0297932 0.94095 0.368998 0.923705 -0.103 -0.866092 0.381944 0.322497 -14.5475 10.9886 88.4041 
0.327215 -0.0266533 0.944574 0.368694 0.923976 -0.101649 -0.870055 0.38152 0.312165 -15.2009 11.2666 88.652 
0.317717 -0.0222496 0.947924 0.369153 0.923749 -0.102047 -0.873374 0.382351 0.301705 -15.9149 11.5683 88.9083 
0.308477 -0.0175969 0.951069 0.369607 0.923485 -0.102794 -0.876489 0.383232 0.291377 -16.552 11.8354 89.1377 
0.299829 -0.0126835 0.953909 0.370367 0.923029 -0.10414 -0.879165 0.38452 0.281449 -17.0938 12.0642 89.3253 
0.290701 -0.00942395 0.956768 0.371555 0.92259 -0.103805 -0.881725 0.385668 0.271699 -17.595 12.2758 89.491 
0.282633 -0.00715857 0.959201 0.372374 0.922368 -0.102838 -0.884 0.386247 0.263357 -18.2951 12.5703 89.721 
0.2738 -0.00572799 0.96177 0.37329 0.922225 -0.100777 -0.88639 0.386612 0.254643 -18.9218 12.8334 89.9162 
0.265593 -0.00114978 0.964085 0.373476 0.922038 -0.101788 -0.888806 0.387097 0.245316 -19.5223 13.0869 90.0806 
0.258277 -2.05592e-05 0.966071 0.373562 0.922215 -0.0998516 -0.890923 0.386677 0.238195 -20.1009 13.3297 90.2597 
0.25219 0.00553735 0.967662 0.371725 0.922705 -0.102158 -0.893432 0.385467 0.230638 -20.6032 13.5248 90.3832 
0.246836 0.00326776 0.969052 0.370963 0.923504 -0.0976057 -0.895242 0.383575 0.226742 -21.2027 13.7724 90.5572 
0.242717 0.00109922 0.970096 0.370157 0.924236 -0.0936601 -0.896701 0.381821 0.223921 -21.8493 14.0385 90.7409 
0.240261 -0.00140474 0.970707 0.369806 0.924721 -0.0901929 -0.897507 0.380644 0.222693 -22.4092 14.2657 90.8991 
0.239922 -0.00377423 0.970785 0.369245 0.925189 -0.087659 -0.897828 0.379489 0.223366 -22.9599 14.4793 91.0675 
0.239292 -0.006838 0.970924 0.370169 0.925093 -0.0847158 -0.897616 0.379678 0.223898 -23.1823 14.5681 91.13 
0.240498 -0.0081668 0.970615 0.371414 0.924637 -0.0842485 -0.896779 0.380762 0.225406 -23.7043 14.7847 91.2728 
0.239126 -0.0448277 0.969953 0.394642 0.917193 -0.0549033 -0.887173 0.395913 0.237016 -24.0272 14.9364 91.549 
0.246107 -0.0534017 0.96777 0.397563 0.916181 -0.0505466 -0.883954 0.39719 0.246709 -24.4514 15.13 91.7342 
0.253549 -0.0555929 0.965724 0.398169 0.915847 -0.0518171 -0.881575 0.39766 0.254348 -24.9743 15.3572 91.8707 
0.262871 -0.0570385 0.963144 0.397694 0.91591 -0.0543012 -0.879056 0.39731 0.26345 -25.5417 15.5988 91.9917 
0.274381 -0.0609814 0.959685 0.398213 0.915602 -0.0556721 -0.875295 0.397435 0.275508 -25.9638 15.7878 92.0972 
0.290058 -0.0703849 0.954417 0.400411 0.914729 -0.0542311 -0.869217 0.397889 0.293507 -26.4031 15.9916 92.2492 
0.308508 -0.0755999 0.948213 0.402081 0.913767 -0.0579663 -0.862064 0.399141 0.312302 -26.8864 16.2057 92.3772 
0.329858 -0.0828432 0.940389 0.40385 0.912772 -0.0612473 -0.853287 0.399979 0.334541 -27.3563 16.4097 92.5155 
0.354515 -0.0915055 0.930562 0.403872 0.912565 -0.0641269 -0.84333 0.398562 0.360475 -27.8051 16.5949 92.6612 
0.382529 -0.101159 0.918389 0.402302 0.913052 -0.0669968 -0.83176 0.395098 0.389965 -28.2203 16.785 92.8005 
0.413686 -0.119133 0.902591 0.401019 0.913889 -0.0631759 -0.817342 0.388091 0.425838 -28.4946 16.9047 92.9283 
0.447041 -0.131808 0.884749 0.3969 0.915618 -0.0641366 -0.801639 0.379828 0.461633 -28.9714 17.1185 93.1061 
0.481954 -0.131434 0.866283 0.389552 0.917739 -0.0774855 -0.784837 0.374807 0.493508 -29.6179 17.4144 93.2579 
0.520231 -0.130835 0.843945 0.38067 0.920122 -0.0920109 -0.764493 0.369132 0.52848 -29.6544 17.4302 93.2681 
0.560871 -0.144635 0.815172 0.376097 0.921673 -0.0952384 -0.737547 0.36 0.571336 -30.1186 17.6353 93.515 
0.594965 -0.136599 0.792059 0.372676 0.920003 -0.121276 -0.71213 0.367336 0.598277 -30.8945 17.9683 93.5913 
0.637115 -0.162907 0.753356 0.379008 0.917293 -0.122171 -0.671146 0.363365 0.646165 -31.2196 18.1914 93.8696 
0.678938 -0.193776 0.708163 0.386408 0.914457 -0.120237 -0.624286 0.355273 0.695736 -31.6703 18.4259 94.3073 
0.719651 -0.216685 0.659659 0.394187 0.90961 -0.131247 -0.571594 0.354481 0.740016 -32.8703 19.0945 94.303 
0.775995 -0.26365 0.572993 0.405078 0.904655 -0.132333 -0.483471 0.334797 0.808806 -32.8105 19.0344 94.5818 
0.809149 -0.285192 0.513754 0.406854 0.902755 -0.139652 -0.423966 0.322022 0.846495 -33.1385 19.3356 95.0936 
0.850207 -0.304658 0.429339 0.410006 0.894741 -0.177016 -0.330218 0.326532 0.885626 -31.9871 18.9712 95.1496 
0.879361 -0.316082 0.356112 0.407621 0.886277 -0.219904 -0.246107 0.338534 0.908199 -31.0263 18.4662 95.1457 
0.893078 -0.342333 0.291922 0.409828 0.886718 -0.213944 -0.185613 0.310707 0.932207 -31.1473 18.6265 95.5842 
0.897578 -0.389738 0.206052 0.430709 0.87494 -0.221291 -0.0940378 0.287375 0.953191 -30.9622 18.5627 95.8917 
0.887948 -0.441079 0.130378 0.459926 0.854035 -0.243089 -0.00412542 0.275815 0.961202 -30.7667 18.4859 96.1523 
0.888346 -0.453546 0.0716779 0.456845 0.857297 -0.23735 0.0461997 0.243594 0.968776 -30.8267 18.6121 96.5296 
0.88575 -0.463881 0.016165 0.454535 0.859795 -0.232701 0.0940469 0.213462 0.972414 -30.8485 18.7364 96.9773 
0.880763 -0.472341 -0.0339217 0.453064 0.861327 -0.229886 0.137802 0.187107 0.972626 -30.8294 18.8344 97.4148 
0.875971 -0.475973 -0.0782613 0.448916 0.863792 -0.228775 0.176492 0.165268 0.970328 -30.7743 18.9295 97.8483 
0.870309 -0.478867 -0.1151 0.445483 0.865072 -0.230641 0.210016 0.149454 0.966207 -30.7028 19.041 98.3988 
0.859093 -0.489275 -0.150231 0.449569 0.861662 -0.235429 0.244638 0.134716 0.96021 -30.5583 19.0928 98.7761 
0.850386 -0.497846 -0.170275 0.455094 0.858367 -0.236845 0.264071 0.123919 0.95651 -30.4471 19.1626 99.2691 
0.844573 -0.502585 -0.184675 0.457922 0.856727 -0.237332 0.277495 0.115877 0.953713 -30.3784 19.1952 99.5398 
0.842647 -0.500706 -0.198091 0.45413 0.858502 -0.238203 0.289331 0.110762 0.950799 -30.2485 19.2639 99.9975 
0.841757 -0.497798 -0.208905 0.45032 0.860876 -0.236864 0.297752 0.105308 0.948817 -30.2158 19.2805 100.12 
0.842315 -0.493394 -0.216951 0.444831 0.863662 -0.237093 0.304353 0.103201 0.946953 -30.1389 19.3073 100.365 
0.841703 -0.492279 -0.221804 0.44222 0.864218 -0.239934 0.309802 0.103867 0.945111 -29.98 19.3448 100.835 
0.840987 -0.492428 -0.224179 0.441285 0.864004 -0.242415 0.313064 0.104941 0.943917 -29.779 19.3633 101.342 
0.841302 -0.493288 -0.221082 0.441294 0.862943 -0.246148 0.312203 0.109522 0.943681 -29.6064 19.4198 101.869 
0.841548 -0.494914 -0.216466 0.441373 0.861017 -0.252663 0.311428 0.117085 0.943029 -29.4344 19.4736 102.364 
0.843352 -0.493879 -0.211759 0.439533 0.860703 -0.256906 0.309142 0.123587 0.942952 -29.2668 19.5458 102.884 
0.846601 -0.489462 -0.20903 0.435851 0.86299 -0.255506 0.305451 0.125205 0.94394 -29.0656 19.6266 103.5 
0.850952 -0.484122 -0.20373 0.432692 0.866011 -0.250604 0.297756 0.1251 0.94641 -28.9128 19.7073 104.041 
0.849975 -0.487199 -0.200451 0.437452 0.864719 -0.246774 0.293562 0.122063 0.948115 -28.7131 19.7549 104.581 
0.851687 -0.486337 -0.195208 0.438853 0.865484 -0.241547 0.286423 0.120055 0.950552 -28.5649 19.8268 105.119 
0.853052 -0.485899 -0.190276 0.440171 0.865869 -0.237742 0.280273 0.119052 0.952509 -28.3992 19.9151 105.749 
0.853632 -0.486992 -0.1848 0.441949 0.864933 -0.237849 0.27567 0.121363 0.95356 -28.2181 20.0315 106.544 
0.853266 -0.488602 -0.182226 0.442814 0.863433 -0.241659 0.275415 0.125507 0.953097 -28.07 20.1084 107.108 
0.853449 -0.488568 -0.181457 0.44091 0.862477 -0.248459 0.277892 0.132041 0.951494 -27.9194 20.1824 107.658 
0.856593 -0.483552 -0.180072 0.434195 0.864037 -0.254783 0.27879 0.140059 0.950084 -27.7726 20.3096 108.342 
0.857423 -0.481175 -0.182471 0.43042 0.864904 -0.258224 0.282071 0.142868 0.948696 -27.5819 20.4323 109.049 
0.857029 -0.481134 -0.184421 0.430978 0.865516 -0.255226 0.282417 0.139254 0.949131 -27.389 20.5493 109.7 
0.856117 -0.482606 -0.184813 0.434233 0.865684 -0.249063 0.280189 0.132975 0.95069 -27.1954 20.6523 110.366 
0.856493 -0.481082 -0.187029 0.434036 0.867379 -0.243447 0.279343 0.127333 0.951711 -27.0178 20.7405 111.022 
0.857178 -0.478813 -0.189694 0.431357 0.868696 -0.243513 0.281383 0.126908 0.951167 -26.8764 20.8026 111.518 
0.8573 -0.477083 -0.193464 0.427903 0.869282 -0.247483 0.286245 0.129384 0.949381 -26.6708 20.8887 112.19 
0.856718 -0.476926 -0.196406 0.425603 0.868778 -0.253154 0.291369 0.13329 0.947279 -26.4635 21.0008 112.91 
0.85506 -0.478662 -0.199385 0.425864 0.867635 -0.256613 0.295824 0.134509 0.945725 -26.2446 21.1076 113.63 
0.854444 -0.478826 -0.201622 0.426115 0.867892 -0.255322 0.297241 0.132244 0.9456 -26.0403 21.2213 114.384 
0.851242 -0.483243 -0.204603 0.430435 0.86599 -0.254534 0.300186 0.128601 0.945172 -25.8073 21.3072 115.079 
0.850076 -0.484547 -0.206363 0.432231 0.865747 -0.252306 0.300912 0.125283 0.945387 -25.576 21.4003 115.806 
0.848431 -0.487314 -0.206616 0.435443 0.864527 -0.250963 0.300923 0.122955 0.945689 -25.3418 21.502 116.56 
0.845987 -0.49197 -0.205601 0.440182 0.861996 -0.251402 0.30091 0.122181 0.945793 -25.1267 21.5893 117.229 
0.84687 -0.490133 -0.20635 0.438854 0.863259 -0.249381 0.300363 0.120635 0.946165 -24.9946 21.6432 117.669 
0.844718 -0.493032 -0.208258 0.440911 0.861618 -0.251419 0.303396 0.120556 0.945207 -24.7741 21.6832 118.283 
0.846317 -0.489656 -0.209726 0.436633 0.863212 -0.25341 0.305122 0.122892 0.944351 -24.5597 21.7573 118.953 
0.849743 -0.483057 -0.211171 0.429746 0.866695 -0.253296 0.305377 0.124486 0.944059 -24.3333 21.8546 119.68 
0.853016 -0.477737 -0.210074 0.425011 0.869514 -0.251616 0.302869 0.125349 0.944753 -24.1077 21.9533 120.415 
0.855428 -0.474234 -0.208193 0.422682 0.871539 -0.248515 0.299303 0.124588 0.945989 -23.8755 22.0446 121.199 
0.855646 -0.474941 -0.205673 0.423029 0.870722 -0.250779 0.298189 0.127572 0.945943 -23.6317 22.1663 121.975 
0.854606 -0.477437 -0.204213 0.424827 0.868979 -0.253769 0.298616 0.130117 0.945462 -23.418 22.2386 122.626 
0.852222 -0.482406 -0.202488 0.430159 0.866388 -0.253645 0.297793 0.129059 0.945866 -23.1566 22.3078 123.376 
0.848824 -0.489032 -0.200863 0.436159 0.862483 -0.256686 0.298769 0.130273 0.945392 -22.9112 22.3911 124.116 
0.84934 -0.488647 -0.199614 0.436068 0.862646 -0.256294 0.297434 0.130636 0.945763 -22.681 22.4693 124.858 
0.852028 -0.484284 -0.198788 0.432874 0.865309 -0.252705 0.294394 0.129262 0.946902 -22.4688 22.5658 125.576 
0.853653 -0.48141 -0.198799 0.431843 0.867587 -0.246586 0.291184 0.124649 0.948512 -22.2309 22.6656 126.381 
0.85553 -0.477716 -0.199639 0.429645 0.870209 -0.241127 0.288917 0.120518 0.949738 -22.0109 22.7409 127.144 
0.857053 -0.476291 -0.196487 0.426866 0.869962 -0.246883 0.288524 0.127718 0.948916 -21.8042 22.8468 127.966 
0.854023 -0.48263 -0.194198 0.429072 0.864539 -0.261667 0.29418 0.140145 0.945419 -21.5804 22.9385 128.712 
0.852716 -0.485261 -0.193383 0.429009 0.861768 -0.270753 0.298037 0.147912 0.943025 -21.3513 23.0457 129.432 
0.852546 -0.485405 -0.193771 0.431701 0.862991 -0.262454 0.294619 0.140103 0.945289 -21.1424 23.1563 130.113 
0.850821 -0.488052 -0.194702 0.44004 0.864305 -0.243603 0.287173 0.121586 0.950131 -20.9271 23.2513 130.827 
0.850357 -0.488561 -0.195452 0.444744 0.865815 -0.229276 0.28124 0.10804 0.953536 -20.7599 23.3121 131.441 
0.846876 -0.493044 -0.19927 0.446744 0.862876 -0.23636 0.288481 0.111145 0.951013 -20.5396 23.3437 132.053 
