1 0 0 0 0 1 0 0 0 0 1 0
0.999987 0.00038287 -0.00514068 -0.0140394 -0.000390533 0.999999 -0.00148976 0.000455819 0.0051401 0.00149174 0.999986 0.71021
0.99996 0.00046491 -0.00888965 -0.0380809 -0.000489094 0.999996 -0.00271847 -0.00351194 0.00888836 0.00272271 0.999957 1.43098
0.999894 0.00102112 -0.0145374 -0.0433238 -0.00107087 0.999994 -0.00341526 -0.00667221 0.0145338 0.00343046 0.999888 2.14302
0.99972 -0.00287454 -0.023484 -0.040696 0.00276521 0.999985 -0.00468677 -0.00197467 0.0234971 0.00462052 0.999713 2.85164
0.999612 -2.51757e-05 -0.0278368 -0.0697017 -0.000138843 0.999983 -0.00589019 -0.0134768 0.0278365 0.00589177 0.999595 3.5636
0.999399 -9.93486e-06 -0.0346582 -0.104051 -0.000205487 0.999981 -0.00621204 -0.0192966 0.0346576 0.00621543 0.99938 4.35932
0.999241 0.00165334 -0.0389169 -0.139367 -0.00182343 0.999989 -0.00433548 -0.0272194 0.0389093 0.00440315 0.999233 5.14947
0.999048 4.81321e-05 -0.0436225 -0.176151 -0.000128858 0.999998 -0.00184775 -0.0338279 0.0436223 0.00185161 0.999046 5.93721
0.998872 -0.000828433 -0.0474686 -0.215605 0.000866783 0.999999 0.000787319 -0.0415093 0.0474679 -0.000827576 0.998872 6.73098
